v -0.000000 0.026210 0.513352
v -0.000000 0.606468 0.322047
v -0.000000 1.283632 -0.029600
v 0.109213 0.026210 0.410501
v 0.094837 0.608129 0.305121
v 0.031937 1.277640 -0.031042
v 0.172624 0.599108 0.233241
v 0.074376 1.241941 -0.043056
v 0.188181 0.026210 0.133333
v 0.216406 0.603574 0.133451
v 0.068470 1.233584 -0.118613
v 0.063273 1.169875 -0.125919
v 0.069669 0.027063 -0.078203
v -0.000000 1.158504 -0.203714
v -0.000000 0.984166 -0.182758
v -0.000000 0.026210 0.155719
v -0.000000 1.273338 -0.120264
v -0.000000 1.218129 -0.212340
v 0.038321 0.026210 0.153337
v 0.179698 0.240565 0.254992
v 0.220188 0.237217 0.147209
v 0.180039 0.247068 -0.002486
v 0.064298 0.243978 -0.040653
v -0.000000 0.243860 -0.047571
v 0.103132 0.239871 0.326408
v -0.000000 0.240979 0.341112
v 0.195810 0.912258 0.112427
v 0.182469 0.944385 -0.025210
v 0.161901 0.941153 0.191355
v 0.096250 0.961488 0.245203
v -0.000000 0.966442 0.252891
v 0.124337 0.969710 -0.114289
v 0.211050 0.800219 0.138192
v 0.257157 0.612308 0.089803
v 0.268163 0.513083 0.057442
v 0.267775 0.519152 -0.090814
v 0.283036 0.521352 0.038543
v 0.281425 0.526794 -0.077343
v 0.280087 0.263747 -0.032521
v 0.280119 0.264177 -0.071846
v 0.290302 0.268154 -0.039810
v 0.289657 0.268342 -0.066964
v 0.031996 1.267146 -0.119209
v 0.163873 1.015828 0.095194
v 0.036657 1.209051 -0.184801
v 0.030901 1.164617 -0.172681
v 0.025612 1.202799 -0.209184
v 0.188181 0.000000 0.133333
v 0.183635 0.000012 0.011093
v 0.069669 0.000356 -0.078849
v 0.038321 0.000000 0.153337
v 0.149027 0.026977 -0.135440
v 0.108203 0.027118 -0.135736
v 0.149027 0.000302 -0.136044
v 0.108203 0.000391 -0.136409
v 0.026417 1.174052 -0.200859
v 0.069518 0.642144 -0.155868
v -0.000000 0.638839 -0.182785
v -0.000000 1.114090 -0.157839
v 0.108691 1.106570 0.089460
v 0.057634 1.199228 -0.116737
v -0.000000 1.123513 0.118295
v 0.139127 1.064297 0.006817
v 0.057952 1.119605 0.111172
v -0.000000 1.062932 0.193251
v 0.140189 1.048941 0.130779
v 0.077385 1.058017 0.187873
v 0.044544 1.186829 0.084422
v 0.162957 1.002765 0.032090
v 0.099470 1.153278 0.035992
v -0.000000 1.191439 0.091095
v 0.098443 1.116383 -0.025361
v 0.144450 1.024840 -0.041851
v 0.107883 1.084384 -0.033531
v 0.078059 1.158156 -0.082050
v 0.137817 0.419638 -0.085273
v 0.063670 1.142735 -0.116293
v 0.085807 1.146372 -0.043940
v 0.082687 1.100532 -0.095534
v -0.000000 1.087629 -0.140624
v 0.045246 1.083246 -0.123580
v 0.127947 1.084157 0.049253
v 0.088031 1.200255 -0.060672
v 0.030052 1.127054 -0.141386
v 0.060246 0.980720 -0.163288
v 0.095306 1.179383 -0.011670
v 0.081737 1.219468 0.015702
v 0.038026 1.249521 0.035780
v 0.053160 1.037675 -0.145141
v -0.000000 1.041943 -0.161871
v 0.104158 1.026330 -0.109353
v -0.000000 1.254176 0.038639
v 0.288951 0.351365 -0.075551
v 0.288496 0.434078 -0.081573
v 0.278150 0.345024 0.000778
v 0.275957 0.425178 0.027930
v 0.278042 0.346325 -0.084128
v 0.275698 0.427714 -0.092835
v 0.289666 0.350590 -0.014628
v 0.289572 0.432628 0.009979
v -0.000000 0.838082 0.293976
v 0.175715 0.815285 0.218711
v 0.099400 0.835228 0.285066
v 0.228260 0.845030 -0.038800
v 0.236512 0.807184 0.117396
v 0.238755 0.704595 0.117592
v 0.270053 0.628627 -0.066609
v 0.253831 0.728581 -0.057128
v 0.273379 0.621112 0.068343
v 0.257135 0.707214 0.093186
v 0.247582 0.629788 -0.078051
v 0.224461 0.742498 -0.068169
v 0.022257 1.189160 -0.272366
v 0.070101 0.891814 -0.171802
v 0.144184 0.881095 -0.119446
v 0.142920 0.643935 -0.114474
v -0.000000 0.404361 0.329915
v 0.102025 0.406307 0.320449
v 0.181611 0.402652 0.240198
v 0.218297 0.406414 0.130250
v 0.069523 0.420587 -0.119746
v -0.000000 0.421774 -0.130430
v 0.125051 0.243421 -0.029898
v -0.000000 0.121907 0.410101
v 0.062978 0.124327 0.410101
v 0.181277 0.135020 0.012606
v 0.065825 0.134231 -0.036870
v 0.115150 0.126444 0.364275
v 0.177746 0.131260 0.274538
v 0.204185 0.131269 0.145705
v -0.000000 0.134662 -0.039596
v 0.052577 0.026210 0.505959
v 0.127048 0.135017 -0.028208
v 0.133429 0.026821 -0.045868
v -0.000000 0.026210 0.387949
v -0.000000 1.190088 -0.345930
v 0.012473 1.187203 -0.339413
v 0.009088 1.169949 -0.338392
v -0.000000 1.168030 -0.343798
v 0.057023 1.195047 -0.145658
v 0.071859 1.212461 -0.121523
v 0.080500 1.202237 -0.096213
v 0.070753 1.185194 -0.122545
v 0.076995 1.191397 -0.107031
v 0.077299 1.210989 -0.105379
v 0.064154 1.205185 -0.134479
v 0.055723 1.216425 -0.155803
v -0.000000 1.250544 -0.167445
v 0.026945 1.244581 -0.165869
v 0.063744 1.189680 -0.134709
v 0.057750 1.192186 -0.104711
v 0.057374 1.207770 -0.104564
v 0.051133 1.208867 -0.113281
v 0.056434 1.200079 -0.101871
v 0.046686 1.199260 -0.111892
v 0.051547 1.189794 -0.113469
v 0.049383 1.190953 -0.123529
v 0.049058 1.206513 -0.123367
v 0.046218 1.198561 -0.124908
v 0.062920 1.186033 -0.117109
v 0.078379 1.199798 -0.122111
v 0.076104 1.192523 -0.110615
v 0.078835 1.200487 -0.109099
v 0.067921 1.190736 -0.105561
v 0.062207 1.212994 -0.116840
v 0.069747 1.200585 -0.100715
v 0.067381 1.209818 -0.105381
v 0.075610 1.208093 -0.110464
v 0.073460 1.209239 -0.120505
v 0.057674 1.189202 -0.128608
v 0.067750 1.191249 -0.129429
v 0.074052 1.190185 -0.120698
v 0.055311 1.198393 -0.133291
v 0.067304 1.206797 -0.129264
v 0.068636 1.198909 -0.132132
v 0.057208 1.208248 -0.128406
v 0.022565 1.178340 -0.273069
v 0.021959 1.195906 -0.273345
v -0.000000 1.205623 -0.278501
v -0.000000 1.166639 -0.278140
v -0.000000 1.158360 -0.385051
v -0.000000 1.165543 -0.389035
v 0.006801 1.165688 -0.385151
v 0.006928 1.162249 -0.383321
v 0.100664 1.160229 0.006887
v 0.112476 1.063298 -0.059282
v 0.091410 1.063265 -0.091259
v 0.097291 1.150582 -0.015088
v 0.178920 0.419432 -0.058494
v 0.178933 0.637543 -0.072601
v 0.192977 0.861690 -0.048273
v 0.183635 0.026391 0.011314
v -0.000000 0.026778 -0.032525
v 0.118165 1.113905 0.013555
v 0.026139 1.186263 -0.201885
v -0.109213 0.026210 0.410501
v -0.094837 0.608129 0.305121
v -0.031937 1.277640 -0.031042
v -0.172624 0.599108 0.233241
v -0.074376 1.241941 -0.043056
v -0.188181 0.026210 0.133333
v -0.216406 0.603574 0.133451
v -0.068470 1.233584 -0.118613
v -0.063273 1.169875 -0.125919
v -0.069669 0.027063 -0.078203
v -0.038321 0.026210 0.153337
v -0.179698 0.240565 0.254992
v -0.220188 0.237217 0.147209
v -0.180039 0.247068 -0.002486
v -0.064298 0.243978 -0.040653
v -0.103132 0.239871 0.326408
v -0.195810 0.912258 0.112427
v -0.182469 0.944385 -0.025210
v -0.161901 0.941153 0.191355
v -0.096250 0.961488 0.245203
v -0.124337 0.972793 -0.114013
v -0.211050 0.800219 0.138192
v -0.257157 0.612308 0.089803
v -0.268163 0.513083 0.057442
v -0.267775 0.519152 -0.090814
v -0.283036 0.521352 0.038543
v -0.281425 0.526794 -0.077343
v -0.280087 0.263747 -0.032521
v -0.280119 0.264177 -0.071846
v -0.290302 0.268154 -0.039810
v -0.289657 0.268342 -0.066964
v -0.031996 1.267146 -0.119209
v -0.163873 1.015828 0.095194
v -0.036657 1.209051 -0.184801
v -0.030901 1.164617 -0.172681
v -0.025612 1.202799 -0.209184
v -0.188181 0.000000 0.133333
v -0.183635 0.000012 0.011093
v -0.069669 0.000356 -0.078849
v -0.038321 0.000000 0.153337
v -0.149027 0.026977 -0.135440
v -0.108203 0.027118 -0.135736
v -0.149027 0.000302 -0.136044
v -0.108203 0.000391 -0.136409
v -0.026417 1.174052 -0.200859
v -0.069518 0.642144 -0.155868
v -0.108691 1.106570 0.089460
v -0.057634 1.199228 -0.116737
v -0.139127 1.064297 0.006817
v -0.057952 1.119605 0.111172
v -0.140189 1.048941 0.130779
v -0.077385 1.058017 0.187873
v -0.044544 1.186829 0.084422
v -0.162957 1.002765 0.032090
v -0.099470 1.153278 0.035992
v -0.098443 1.116383 -0.025361
v -0.144450 1.024840 -0.041851
v -0.107883 1.084384 -0.033531
v -0.078059 1.158156 -0.082050
v -0.137817 0.419638 -0.085273
v -0.063670 1.142735 -0.116293
v -0.085807 1.146372 -0.043940
v -0.082687 1.100532 -0.095534
v -0.045246 1.083246 -0.123580
v -0.127947 1.084157 0.049253
v -0.088031 1.200255 -0.060672
v -0.030052 1.127054 -0.141386
v -0.060246 0.979340 -0.163472
v -0.095306 1.179383 -0.011670
v -0.081737 1.219468 0.015702
v -0.038026 1.249521 0.035780
v -0.053160 1.039469 -0.144543
v -0.104158 1.026330 -0.109353
v -0.288951 0.351365 -0.075551
v -0.288496 0.434078 -0.081573
v -0.278150 0.345024 0.000778
v -0.275957 0.425178 0.027930
v -0.278042 0.346325 -0.084128
v -0.275698 0.427714 -0.092835
v -0.289666 0.350590 -0.014628
v -0.289572 0.432628 0.009979
v -0.175715 0.815285 0.218711
v -0.099400 0.835228 0.285066
v -0.228260 0.845030 -0.038800
v -0.236512 0.807184 0.117396
v -0.238755 0.704595 0.117592
v -0.270053 0.628627 -0.066609
v -0.253831 0.728581 -0.057128
v -0.273379 0.621112 0.068343
v -0.257135 0.707214 0.093186
v -0.247582 0.629788 -0.078051
v -0.224461 0.742498 -0.068169
v -0.022257 1.189160 -0.272366
v -0.070101 0.891814 -0.171802
v -0.144184 0.881095 -0.119446
v -0.142920 0.643935 -0.114474
v -0.102025 0.406307 0.320449
v -0.181611 0.402652 0.240198
v -0.218297 0.406414 0.130250
v -0.069523 0.420587 -0.119746
v -0.125051 0.243421 -0.029898
v -0.062978 0.124327 0.410101
v -0.181277 0.135020 0.012606
v -0.065825 0.134231 -0.036870
v -0.115150 0.126444 0.364275
v -0.177746 0.131260 0.274538
v -0.204185 0.131269 0.145705
v -0.052577 0.026210 0.505959
v -0.127048 0.135017 -0.028208
v -0.133429 0.026821 -0.045868
v -0.012473 1.187203 -0.339413
v -0.009088 1.169949 -0.338392
v -0.057023 1.195047 -0.145658
v -0.071859 1.212461 -0.121523
v -0.080500 1.202237 -0.096213
v -0.070753 1.185194 -0.122545
v -0.076995 1.191397 -0.107031
v -0.077299 1.210989 -0.105379
v -0.064154 1.205185 -0.134479
v -0.055723 1.216425 -0.155803
v -0.026945 1.244581 -0.165869
v -0.063744 1.189680 -0.134709
v -0.057750 1.192186 -0.104711
v -0.057374 1.207770 -0.104564
v -0.051133 1.208867 -0.113281
v -0.056434 1.200079 -0.101871
v -0.046686 1.199260 -0.111892
v -0.051547 1.189794 -0.113469
v -0.049383 1.190953 -0.123529
v -0.049058 1.206513 -0.123367
v -0.046218 1.198561 -0.124908
v -0.062920 1.186033 -0.117109
v -0.078379 1.199798 -0.122111
v -0.076104 1.192523 -0.110615
v -0.078835 1.200487 -0.109099
v -0.067921 1.190736 -0.105561
v -0.062207 1.212994 -0.116840
v -0.069747 1.200585 -0.100715
v -0.067381 1.209818 -0.105381
v -0.075610 1.208093 -0.110464
v -0.073460 1.209239 -0.120505
v -0.057674 1.189202 -0.128608
v -0.067750 1.191249 -0.129429
v -0.074052 1.190185 -0.120698
v -0.055311 1.198393 -0.133291
v -0.067304 1.206797 -0.129264
v -0.068636 1.198909 -0.132132
v -0.057208 1.208248 -0.128406
v -0.022565 1.178340 -0.273069
v -0.021959 1.195906 -0.273345
v -0.006801 1.165688 -0.385151
v -0.006928 1.162249 -0.383321
v -0.100664 1.160229 0.006887
v -0.112476 1.063298 -0.059282
v -0.091410 1.063265 -0.091259
v -0.097291 1.150582 -0.015088
v -0.178920 0.419432 -0.058494
v -0.178933 0.637543 -0.072601
v -0.192977 0.861690 -0.048273
v -0.183635 0.026391 0.011314
v 0.000000 0.893741 -0.194877
v -0.118165 1.113905 0.013555
v -0.026139 1.186263 -0.201885
v 0.183722 0.026156 0.162997
v 0.163372 0.025963 0.284943
v -0.183722 0.026156 0.162997
v -0.163372 0.025963 0.284943
v -0.000000 0.026210 0.284855
v -0.000000 0.026210 0.180524
v 0.056647 0.000208 0.017601
v 0.056647 0.026708 0.017979
v -0.000000 0.026614 0.021673
v -0.056647 0.000208 0.017601
v -0.056647 0.026708 0.017979
v -0.161764 0.026761 -0.081432
v -0.161763 0.000195 -0.081895
v 0.161763 0.000195 -0.081895
v 0.161764 0.026761 -0.081432
v -0.000000 0.322670 0.335514
v 0.102578 0.323089 0.323428
v 0.180655 0.321608 0.247595
v 0.219243 0.321815 0.138729
v 0.179479 0.333250 -0.030490
v 0.066910 0.332283 -0.080199
v 0.131434 0.331530 -0.057586
v -0.000000 0.332817 -0.089000
v -0.102578 0.323089 0.323428
v -0.180655 0.321608 0.247595
v -0.219243 0.321815 0.138729
v -0.179479 0.333250 -0.030490
v -0.066910 0.332283 -0.080199
v -0.131434 0.331530 -0.057586
v 0.178927 0.528488 -0.065547
v 0.140369 0.531786 -0.099873
v -0.000000 0.505415 0.325981
v 0.098431 0.507218 0.312785
v 0.177118 0.500880 0.236719
v 0.217352 0.504994 0.131851
v 0.069520 0.531366 -0.137807
v -0.000000 0.530307 -0.156608
v -0.178927 0.528488 -0.065547
v -0.140369 0.531786 -0.099873
v -0.098431 0.507218 0.312785
v -0.177118 0.500880 0.236719
v -0.217352 0.504994 0.131851
v -0.069520 0.531366 -0.137807
v 0.185955 0.749617 -0.060437
v 0.213728 0.701896 0.135822
v 0.097119 0.721679 0.295094
v 0.143552 0.762515 -0.116960
v 0.069809 0.766979 -0.163835
v 0.174170 0.707196 0.225976
v -0.000000 0.722275 0.308012
v -0.000000 0.766290 -0.188831
v -0.185955 0.749617 -0.060437
v -0.213728 0.701896 0.135822
v -0.097119 0.721679 0.295094
v -0.143552 0.762515 -0.116960
v -0.069809 0.766979 -0.163835
v -0.174170 0.707196 0.225976

f 6 17 3
f 55 372 50
f 95 41 99
f 19 367 366
f 49 373 192
f 15 89 85
f 34 110 106
f 28 104 191
f 408 5 404
f 88 71 68
f 104 112 191
f 126 9 192
f 41 93 99
f 74 194 63
f 40 41 39
f 45 149 147
f 180 138 177
f 60 67 66
f 45 47 18
f 366 51 19
f 53 50 13
f 134 373 13
f 365 48 51
f 372 52 373
f 391 2 390
f 101 30 31
f 364 16 19
f 12 75 77
f 7 391 392
f 11 145 141
f 388 10 393
f 103 29 30
f 393 7 392
f 87 88 68
f 402 33 403
f 111 35 34
f 27 104 28
f 97 39 95
f 8 43 6
f 51 9 19
f 48 192 9
f 52 55 53
f 26 125 25
f 97 42 40
f 233 370 371
f 379 76 380
f 379 24 381
f 194 72 188
f 107 37 38
f 105 27 33
f 232 368 235
f 46 56 195
f 394 116 389
f 46 14 56
f 178 18 47
f 394 122 395
f 91 85 89
f 64 65 67
f 67 31 30
f 82 69 63
f 29 67 30
f 70 64 60
f 68 62 64
f 18 148 149
f 146 61 140
f 72 79 78
f 22 133 123
f 46 59 14
f 84 80 59
f 82 66 44
f 185 194 188
f 44 29 27
f 70 82 194
f 146 11 141
f 140 150 46
f 73 69 28
f 187 89 81
f 78 83 86
f 81 77 79
f 84 12 77
f 75 78 79
f 88 8 6
f 405 191 402
f 63 194 82
f 90 81 89
f 86 8 87
f 92 6 3
f 77 75 79
f 85 356 15
f 36 94 98
f 98 93 97
f 36 96 35
f 98 95 96
f 100 38 37
f 99 94 100
f 35 100 37
f 96 99 100
f 34 37 109
f 407 5 7
f 407 10 403
f 69 27 28
f 108 111 112
f 106 105 33
f 111 38 36
f 105 108 104
f 108 109 107
f 112 33 191
f 112 34 106
f 27 102 33
f 406 115 405
f 409 57 58
f 73 32 91
f 114 32 115
f 377 119 376
f 25 129 20
f 380 189 378
f 378 120 377
f 376 118 375
f 115 28 191
f 389 190 388
f 127 134 13
f 131 23 127
f 125 128 25
f 4 363 360
f 130 20 129
f 126 21 130
f 132 124 1
f 125 4 128
f 123 127 23
f 133 192 134
f 53 373 52
f 135 132 1
f 139 184 138
f 177 195 56
f 144 12 143
f 145 61 141
f 144 61 142
f 150 61 143
f 75 142 83
f 8 142 145
f 148 43 149
f 149 11 147
f 147 146 140
f 150 12 46
f 45 18 149
f 160 151 156
f 166 151 164
f 155 151 154
f 166 152 154
f 165 152 167
f 155 152 153
f 160 157 170
f 155 157 156
f 173 157 159
f 165 158 153
f 173 158 176
f 155 158 159
f 160 162 164
f 161 162 172
f 166 162 163
f 165 168 169
f 166 168 167
f 161 168 163
f 160 171 172
f 173 171 170
f 161 171 175
f 165 174 176
f 161 174 169
f 173 174 175
f 193 127 13
f 138 113 177
f 137 179 178
f 14 177 56
f 182 184 181
f 136 183 182
f 138 183 137
f 186 187 79
f 70 194 185
f 185 86 87
f 187 81 79
f 188 72 78
f 70 87 68
f 195 45 46
f 74 73 186
f 186 91 187
f 185 188 86
f 70 185 87
f 86 188 78
f 72 74 79
f 74 186 79
f 113 137 178
f 113 47 195
f 45 140 46
f 45 147 140
f 198 17 227
f 193 369 205
f 271 225 223
f 361 301 302
f 367 206 369
f 375 117 374
f 15 267 90
f 285 218 281
f 213 354 279
f 197 408 412
f 71 266 248
f 287 279 354
f 201 298 355
f 269 225 275
f 129 359 130
f 253 357 251
f 224 225 226
f 229 315 316
f 180 307 139
f 247 242 246
f 229 18 231
f 369 235 368
f 234 237 205
f 237 370 205
f 371 239 234
f 371 236 238
f 398 2 197
f 215 101 31
f 196 363 135
f 204 256 254
f 398 199 399
f 203 313 200
f 396 202 353
f 214 278 215
f 400 199 202
f 265 248 266
f 410 217 354
f 286 219 220
f 212 279 280
f 273 223 224
f 227 200 198
f 201 235 206
f 355 232 201
f 236 239 238
f 26 297 124
f 273 226 269
f 366 193 13
f 362 300 301
f 386 255 295
f 24 386 381
f 357 351 251
f 282 221 284
f 280 217 212
f 13 365 366
f 230 358 240
f 401 291 241
f 230 240 14
f 345 18 179
f 122 401 395
f 263 268 267
f 65 245 247
f 31 247 215
f 249 260 244
f 214 247 246
f 245 250 242
f 62 248 245
f 18 316 148
f 243 314 308
f 251 257 258
f 209 304 298
f 230 59 262
f 80 262 59
f 246 260 228
f 348 351 357
f 214 228 212
f 250 260 242
f 203 314 309
f 308 230 317
f 249 252 213
f 267 350 259
f 261 257 264
f 259 256 262
f 262 204 230
f 254 258 257
f 266 200 265
f 413 354 290
f 244 260 357
f 267 80 90
f 200 264 265
f 92 198 266
f 256 258 254
f 356 263 15
f 220 270 222
f 274 269 270
f 220 272 274
f 274 271 273
f 222 276 221
f 270 275 276
f 219 276 272
f 272 275 271
f 218 221 219
f 415 197 412
f 202 415 411
f 212 249 213
f 286 283 287
f 280 281 217
f 286 222 282
f 283 280 279
f 283 284 285
f 217 287 354
f 287 218 286
f 212 277 214
f 414 290 289
f 409 241 414
f 216 252 268
f 216 289 290
f 384 293 294
f 211 301 300
f 387 352 255
f 385 294 352
f 383 292 293
f 213 290 354
f 397 353 291
f 299 305 304
f 210 131 299
f 297 211 300
f 361 201 206
f 207 302 301
f 208 298 302
f 124 303 1
f 297 196 303
f 296 299 304
f 355 304 305
f 305 370 355
f 135 303 196
f 347 139 307
f 344 358 288
f 204 312 311
f 243 313 309
f 243 312 310
f 243 317 311
f 254 310 312
f 310 200 313
f 227 148 316
f 203 316 315
f 315 308 314
f 204 317 230
f 229 316 18
f 327 318 331
f 333 318 321
f 322 318 323
f 333 319 334
f 332 319 320
f 322 319 321
f 327 324 323
f 322 324 326
f 340 324 337
f 332 325 343
f 340 325 326
f 322 325 320
f 327 329 339
f 328 329 330
f 333 329 331
f 332 335 334
f 333 335 330
f 328 335 336
f 327 338 337
f 340 338 342
f 328 338 339
f 332 341 336
f 328 341 342
f 340 341 343
f 299 193 205
f 307 344 288
f 306 179 136
f 14 344 180
f 182 347 346
f 136 346 306
f 346 307 306
f 349 258 350
f 250 348 357
f 348 265 264
f 350 258 259
f 351 257 251
f 250 248 265
f 358 229 231
f 252 253 349
f 268 349 350
f 348 264 351
f 250 265 348
f 264 257 351
f 251 258 253
f 253 258 349
f 288 306 307
f 231 288 358
f 229 230 308
f 229 308 315
f 201 361 302
f 9 130 359
f 364 360 363
f 364 362 361
f 128 360 129
f 205 368 234
f 371 368 233
f 365 372 49
f 382 117 292
f 211 374 382
f 207 382 383
f 209 384 385
f 296 385 387
f 208 383 384
f 381 295 122
f 210 387 386
f 25 374 26
f 20 375 25
f 22 377 21
f 123 378 22
f 21 376 20
f 121 381 122
f 23 380 123
f 255 396 397
f 395 241 58
f 295 397 401
f 294 399 400
f 352 400 396
f 292 399 293
f 292 390 398
f 76 388 189
f 57 395 58
f 121 389 76
f 120 392 119
f 189 393 120
f 392 118 119
f 118 390 117
f 409 289 356
f 241 413 414
f 217 415 277
f 277 412 278
f 291 410 413
f 353 411 410
f 412 101 278
f 114 409 356
f 57 405 116
f 33 407 403
f 102 404 407
f 116 402 190
f 190 403 10
f 101 404 103
f 6 43 17
f 55 54 372
f 95 39 41
f 19 16 367
f 49 372 373
f 15 90 89
f 34 109 110
f 408 2 5
f 88 92 71
f 104 108 112
f 126 130 9
f 41 42 93
f 74 72 194
f 40 42 41
f 180 139 138
f 60 64 67
f 366 365 51
f 53 55 50
f 134 192 373
f 365 49 48
f 372 54 52
f 391 5 2
f 101 103 30
f 9 359 19
f 359 364 19
f 7 5 391
f 11 8 145
f 388 190 10
f 103 102 29
f 393 10 7
f 402 191 33
f 111 36 35
f 27 105 104
f 97 40 39
f 8 11 43
f 51 48 9
f 48 49 192
f 52 54 55
f 26 124 125
f 97 93 42
f 233 355 370
f 379 121 76
f 379 23 24
f 107 109 37
f 232 233 368
f 394 57 116
f 178 179 18
f 394 121 122
f 91 32 85
f 64 62 65
f 67 65 31
f 82 44 69
f 29 66 67
f 70 68 64
f 68 71 62
f 146 141 61
f 22 126 133
f 46 84 59
f 84 81 80
f 82 60 66
f 44 66 29
f 70 60 82
f 146 147 11
f 73 63 69
f 187 91 89
f 78 75 83
f 81 84 77
f 84 46 12
f 88 87 8
f 405 115 191
f 90 80 81
f 86 83 8
f 92 88 6
f 85 114 356
f 36 38 94
f 98 94 93
f 36 98 96
f 98 97 95
f 100 94 38
f 99 93 94
f 35 96 100
f 96 95 99
f 34 35 37
f 407 404 5
f 407 7 10
f 69 44 27
f 108 107 111
f 106 110 105
f 111 107 38
f 105 110 108
f 108 110 109
f 112 106 33
f 112 111 34
f 27 29 102
f 406 114 115
f 409 406 57
f 73 28 32
f 114 85 32
f 377 120 119
f 25 128 129
f 380 76 189
f 378 189 120
f 376 119 118
f 115 32 28
f 389 116 190
f 127 133 134
f 131 24 23
f 4 135 363
f 130 21 20
f 126 22 21
f 132 125 124
f 125 132 4
f 123 133 127
f 133 126 192
f 53 13 373
f 135 4 132
f 139 181 184
f 177 113 195
f 144 75 12
f 145 142 61
f 144 143 61
f 150 140 61
f 75 144 142
f 8 83 142
f 148 17 43
f 149 43 11
f 150 143 12
f 160 164 151
f 166 154 151
f 155 156 151
f 166 167 152
f 165 153 152
f 155 154 152
f 160 156 157
f 155 159 157
f 173 170 157
f 165 176 158
f 173 159 158
f 155 153 158
f 160 172 162
f 161 163 162
f 166 164 162
f 165 167 168
f 166 163 168
f 161 169 168
f 160 170 171
f 173 175 171
f 161 172 171
f 165 169 174
f 161 175 174
f 173 176 174
f 193 131 127
f 137 136 179
f 14 180 177
f 182 183 184
f 136 137 183
f 138 184 183
f 195 47 45
f 74 63 73
f 186 73 91
f 113 138 137
f 113 178 47
f 198 3 17
f 193 367 369
f 271 275 225
f 361 362 301
f 367 16 206
f 375 118 117
f 15 263 267
f 285 284 218
f 197 2 408
f 71 92 266
f 287 283 279
f 201 302 298
f 269 226 225
f 129 360 359
f 253 244 357
f 224 223 225
f 180 344 307
f 247 245 242
f 369 206 235
f 234 239 237
f 237 236 370
f 371 238 239
f 371 370 236
f 398 390 2
f 215 278 101
f 196 362 363
f 398 197 199
f 203 309 313
f 396 400 202
f 214 277 278
f 400 399 199
f 410 411 217
f 286 218 219
f 212 213 279
f 273 271 223
f 227 203 200
f 201 232 235
f 355 233 232
f 236 237 239
f 26 211 297
f 273 224 226
f 366 367 193
f 362 196 300
f 386 387 255
f 24 210 386
f 282 222 221
f 13 50 365
f 401 397 291
f 345 231 18
f 122 295 401
f 263 216 268
f 65 62 245
f 31 65 247
f 249 228 260
f 214 215 247
f 245 248 250
f 62 71 248
f 243 309 314
f 209 296 304
f 230 14 59
f 80 259 262
f 246 242 260
f 214 246 228
f 250 357 260
f 203 315 314
f 249 244 252
f 267 268 350
f 261 254 257
f 259 258 256
f 262 256 204
f 266 198 200
f 413 410 354
f 267 259 80
f 200 261 264
f 92 3 198
f 356 289 263
f 220 274 270
f 274 273 269
f 220 219 272
f 274 272 271
f 222 270 276
f 270 269 275
f 219 221 276
f 272 276 275
f 218 284 221
f 415 199 197
f 202 199 415
f 212 228 249
f 286 282 283
f 280 285 281
f 286 220 222
f 283 285 280
f 283 282 284
f 217 281 287
f 287 281 218
f 212 217 277
f 414 413 290
f 409 58 241
f 216 213 252
f 216 263 289
f 384 383 293
f 211 207 301
f 387 385 352
f 385 384 294
f 383 382 292
f 213 216 290
f 397 396 353
f 299 205 305
f 210 24 131
f 16 364 206
f 364 361 206
f 207 208 302
f 208 209 298
f 124 297 303
f 297 300 196
f 296 210 299
f 355 298 304
f 305 205 370
f 135 1 303
f 347 181 139
f 344 240 358
f 204 254 312
f 243 310 313
f 243 311 312
f 243 308 317
f 254 261 310
f 310 261 200
f 227 17 148
f 203 227 316
f 204 311 317
f 327 323 318
f 333 331 318
f 322 321 318
f 333 321 319
f 332 334 319
f 322 320 319
f 327 337 324
f 322 323 324
f 340 326 324
f 332 320 325
f 340 343 325
f 322 326 325
f 327 331 329
f 328 339 329
f 333 330 329
f 332 336 335
f 333 334 335
f 328 330 335
f 327 339 338
f 340 337 338
f 328 342 338
f 332 343 341
f 328 336 341
f 340 342 341
f 299 131 193
f 306 345 179
f 14 240 344
f 182 181 347
f 136 182 346
f 346 347 307
f 358 230 229
f 252 244 253
f 268 252 349
f 288 345 306
f 231 345 288
f 364 359 360
f 364 363 362
f 128 4 360
f 205 369 368
f 371 234 368
f 365 50 372
f 382 374 117
f 211 26 374
f 207 211 382
f 209 208 384
f 296 209 385
f 208 207 383
f 381 386 295
f 210 296 387
f 25 375 374
f 20 376 375
f 22 378 377
f 123 380 378
f 21 377 376
f 121 379 381
f 23 379 380
f 255 352 396
f 395 401 241
f 295 255 397
f 294 293 399
f 352 294 400
f 292 398 399
f 292 117 390
f 76 389 388
f 57 394 395
f 121 394 389
f 120 393 392
f 189 388 393
f 392 391 118
f 118 391 390
f 409 414 289
f 241 291 413
f 217 411 415
f 277 415 412
f 291 353 410
f 353 202 411
f 412 408 101
f 114 406 409
f 57 406 405
f 33 102 407
f 102 103 404
f 116 405 402
f 190 402 403
f 101 408 404